56
57,40
40,41
57,173
57,52
201,52
201,90
101,138
18,19
18,57
205,10
175,11
175,40
175,27
45,127
105,104
75,82
41,22
52,54
22,24
24,101
37,101
19,20
20,90
20,91
20,78
160,161
24,173
18,69
17,118
183,96
10,18
10,175
10,100
127,126
102,105
91,25
91,111
91,116
116,114
111,112
10,102
11,151
48,76
48,50
48,49
43,140
96,93
93,98
11,48
11,43
11,16
100,183
20,37
205,45
205,17
210,17
55
10,APLNR
11,PRKAG2
16,SPHK2
17,SERPINE1
18,GNB5
19,PIK3R6
20,AKT3
22,MAP2K1
24,MAPK1
25,RPS6KB1
27,PLCB1
37,MTOR
40,RRAS2
41,RAF1
43,KLF2
45,TGFBR1
48,PPARGC1A
49,TFAM
50,NRF1
52,MYLK4
54,MYL2
57,PRKCE
69,ADCY1
75,PRKACA
76,UCP1
78,PDE3B
82,LIPE
90,NOS1
91,MAPK1
93,MEF2B
96,HDAC5
98,KLF2
100,GNA13
101,RPS6KB1
102,PIK3R4
104,
105,BECN1P1
111,EGR1,ZNF225
112,SPP1
114,NOTCH3
116,JAG1
118,PLAT
126,SMAD4
127,SMAD2
138,RPS6
140,NOS1
151,PLIN1
160,PRKACA
161,LIPE
173,SLC9A1
175,GNB5
183,CAMK4
201,CALML6
205,APELA
210,AGTR1
