55
49,68
49,199
68,50
22,105
22,106
22,107
172,171
165,89
182,197
113,197
183,197
197,114
193,179
179,178
178,114
114,115
180,181
181,116
49,72
199,55
22,165
22,37
22,48
22,111
22,41
22,87
171,16
22,101
22,100
22,103
22,91
91,93
93,94
115,116
22,72
22,52
56,15
15,16
37,52
163,164
41,32
22,50
73,74
74,75
74,131
74,132
74,133
55,56
87,86
48,68
22,15
207,20
208,20
209,40
205,182
57
15,PPP1R12A
16,MYL9
20,NPR1
22,PRKG1
32,ITPR1
37,KCNMB2
40,AMD1,NPR2
41,MRVI1
48,RGS2
49,ADRA1A,ADRA1D
50,PLCB1
52,CACNA1C,CACNA1C-IT2
55,RHOA
56,ROCK1
68,GNA11
72,TRPC6
73,PPP3CA
74,NFATC1
75,MEF2B
86,ATP2A1
87,PLN
89,KCNJ8
91,RAF1
93,MAP2K1
94,MAPK1
100,BAD
101,CREB3
103,VASP
105,SLC8A2
106,ATP1B4
107,ATP2B1
111,GTF2I
113,OPRD1
114,PIK3R6
115,AKT3
116,NOS3
131,MYH6
132,NPPB
133,TRPC6
163,PRKCE
164,PPIF
165,PRKCE
171,MYLK4
172,CALML6
178,IRS1
179,INSR
180,ADRB1
181,GNAI1
182,BDKRB2
183,ADORA1
193,INS
197,GNAI1
199,GNA13
205,KNG1
207,NPPA
208,NPPB
209,CNP,NPPC
