31
61,74
61,73
59,74
72,74
59,72
107,118
99,118
108,118
117,99
117,108
117,107
108,119
108,120
108,113
99,119
99,120
99,113
107,119
107,120
107,113
119,113
120,113
77,88
77,78
78,89
88,79
132,133
142,143
142,144
153,321
154,155
27
59,AHRR,CYP1A1
61,AHRR,CYP1A1
72,GSTO2
73,GSTO2
74,EPHX1
77,AHRR,CYP1A1
78,EPHX1
79,SULT2A1
88,AHRR,CYP1A1
89,AHRR,CYP1A1
99,HSD11B1
107,AKR1C2
108,CBR1
113,UGT2B11
117,CPA6,CYP2A6
118,CPA6,CYP2A6
119,CPA6,CYP2A6
120,CPA6,CYP2A6
132,CYP1A2
133,NAT2
142,CYP1A2
143,NAT2
144,
153,CYP1A2
154,CYP1A2
155,NAT2
321,NAT2
