34
50,34
34,53
34,35
22,24
23,31
21,22
21,23
21,24
21,31
21,40
40,49
49,60
60,39
21,41
22,31
23,24
53,65
24,32
24,30
31,32
31,30
39,47
39,75
39,76
39,33
105,116
133,108
108,119
110,118
110,15
110,16
110,55
137,35
138,35
33
15,IL1B
16,IL18
21,ZBP1
22,TBK1
23,IKBKE
24,IRF3
30,IFNB1
31,IRF7
32,IFNA1,IFNA13
33,C7,CXCL10
34,MAVS
35,TMEM173
39,NFKB1
40,RIPK1
41,RIPK3
47,HGF,IL6
49,CHUK
50,DDX58
53,NFKB1
55,IL33
60,NFKBIA
65,HGF,IL6
75,CCL4L1
76,CCL5
105,RIPK3
108,CASP3
110,CASP1
116,MLKL
118,GSDMD
119,DFNA5
133,CASP8
137,DDX41
138,IFI16
