52
55,54
55,53
64,65
73,19
39,19
72,19
59,19
59,10
56,19
56,10
58,19
58,10
57,12
57,10
45,12
45,10
44,10
70,10
66,52
19,55
19,35
19,48
19,52
19,69
19,51
19,8
12,64
69,49
48,63
34,33
33,40
40,47
47,62
47,46
52,51
51,50
50,79
79,78
78,77
77,76
76,71
76,9
10,14
8,38
38,64
65,32
32,29
32,28
65,37
65,27
65,31
65,30
49
8,GRB2
9,ELK1
10,ERBB4
12,ERBB3
14,STAT5A
19,EGFR
27,GSK3B
28,EIF4EBP1
29,RPS6KB1
30,CDKN1A
31,CDKN1B
32,MTOR
33,PAK4
34,NCK1
35,STAT5A
37,BAD
38,GAB1
39,TGFA
40,MAP2K7
44,NRG3
45,NRG2
46,ELK1
47,MAPK8
48,CRK
49,PTK2
50,HGF,SOS1
51,GRB2
52,SHC2
53,PRKACA,PRKCA
54,CAMK2A
55,PLCG1
56,HBEGF
57,HRG,NRG1
58,EREG
59,BTC
62,JUN
63,ABL1
64,
65,AKT3
66,EGFR
69,SRC
70,NRG4
71,MYC
72,AR,AREG
73,EGF
76,MAPK1
77,MAP2K1
78,ARAF
79,HRAS
