41
28,31
14,102
102,15
15,16
16,17
17,19
102,107
19,18
18,88
88,89
89,90
90,40
40,41
41,42
42,43
18,133
58,143
143,57
142,103
103,57
52,53
54,55
124,79
150,52
51,76
76,77
78,79
76,113
113,114
114,115
115,116
36,41
56,57
133,134
77,78
43,9
43,28
43,44
56,59
116,117
184,142
46
9,ESR1
14,GPER1
15,SRC
16,MMP2
17,HBEGF
18,EGFR
19,HBEGF
28,ESR1
31,FOS
36,PRKACA
40,HRAS
41,RAF1
42,MAP2K1
43,MAPK1
44,CREB3
51,ESR1
52,CMC1,GNAQ
53,PLCB1
54,PRKCD
55,ADCY1
56,PRKACA
57,KCNJ3
58,GABBR1
59,CREB3
76,SRC
77,
78,AKT3
79,NOS3
88,SHC2
89,GRB2
90,HGF,SOS1
102,GNAS
103,GNAI1
107,ADCY1
113,HRAS
114,RAF1
115,MAP2K1
116,MAPK1
117,CREB3
124,CALML6
133,
134,AKT3
142,OPRM1
143,GNAI1
150,GRM1
184,POMC
