57
15,16
16,17
17,8
8,9
9,10
10,11
37,21
21,22
79,85
79,86
79,87
79,88
79,89
79,90
96,98
60,58
58,57
58,56
55,51
51,50
51,49
108,109
109,31
31,32
32,26
26,27
27,28
28,29
109,129
129,42
43,35
37,185
185,186
189,187
187,31
187,129
43,232
153,154
153,156
153,155
155,223
223,157
223,158
203,209
203,210
203,211
203,212
203,213
203,214
149,226
149,229
149,227
149,228
149,184
171,170
96,191
96,192
68
8,HRAS
9,ARAF
10,MAP2K1
11,MAPK1
15,SHC2
16,GRB2
17,HGF,SOS1
21,MTOR
22,RPS6KB1
26,HRAS
27,ARAF
28,MAP2K1
29,MAPK1
31,GRB2
32,HGF,SOS1
35,MTOR
37,AKT3
42,
43,AKT3
49,CCND1
50,MYC
51,LEF1
55,CTNNB1
56,GSK3B
57,FRAT1
58,DVL1
60,FZD10
79,TP53
85,CDKN1A
86,GADD45G
87,BAX
88,BAK1
89,DDB2
90,POLK,POLQ
96,SMAD2
98,SMAD4
108,HGF
109,MET
129,GAB1
149,CDX2
153,CDH1
154,CTNNA1
155,CTNNB1
156,JUP
157,MYC
158,CCND1
170,E2F1,RBP3
171,RB1
184,SHH
185,TP53
186,BCL2
187,FGFR2
189,FGF1
191,CDKN2B
192,CDKN1A
203,TP53
209,CDKN1A
210,GADD45G
211,BAX
212,BAK1
213,DDB2
214,POLK,POLQ
223,LEF1
226,MUC2
227,REG4
228,ABCB1
229,CDH16,CDH17
232,GSK3B
