46
73,74
67,73
73,79
36,73
67,79
36,67
67,71
37,67
56,67
67,81
37,71
56,71
71,81
37,81
56,81
74,76
76,80
65,80
66,80
68,80
80,84
80,83
65,66
65,68
65,84
65,83
77,79
35,79
35,36
36,77
72,77
35,72
69,72
62,72
62,69
70,81
17,70
17,60
17,61
60,61
37,57
37,59
56,57
56,59
57,59
58,59
28
17,ST3GAL1
35,EBP,GLB1
36,HEXA
37,ST8SIA1
56,ST8SIA5
57,SLC33A1
58,B3GALT4
59,B4GALNT1
60,ST8SIA5
61,ST6GALNAC6
62,ST6GALNAC6
65,ST8SIA5
66,ST6GALNAC3
67,ST8SIA1
68,ST6GALNAC4
69,ST8SIA5
70,B3GALT4
71,SLC33A1
72,ST3GAL1
73,ST3GAL5
74,B4GALNT1
76,B3GALT4
77,B3GALT4
79,B4GALNT1
80,ST3GAL1
81,B4GALNT1
83,ST6GALNAC6
84,ST6GALNAC5
