39
10,38
17,28
28,29
17,9
35,32
32,34
34,10
32,30
30,17
29,22
37,49
49,48
48,47
47,46
46,45
45,44
9,25
9,26
9,27
9,33
9,36
9,50
36,18
18,54
9,31
31,37
38,21
25,23
23,24
54,51
51,52
52,53
36,48
9,44
44,43
43,41
41,40
36,45
41,119
37
9,PRKACA,PRKCA
10,ADCY1
17,PLCB1
18,CDC42
21,ATF4
22,CAMK2A
23,MAP2K3
24,MAPK14
25,MAP3K2
26,MAPK7
27,PLA2G4B
28,ITPR1
29,CALML6
30,GNA11
31,MMP14
32,GNRHR
33,PLD1
34,GNAS
35,GNRH1
36,SRC
37,MMP2
38,PRKACA
40,ELK1
41,MAPK1
43,MAP2K1
44,RAF1
45,HRAS
46,HGF,SOS1
47,GRB2
48,EGFR
49,HBEGF
50,PTK2B
51,MAP2K7
52,MAPK8
53,JUN
54,MAP3K1
119,EGR1,ZNF225
