38
65,66
47,129
47,48
45,43
45,44
45,47
53,54
155,86
71,124
86,78
86,79
81,83
112,113
102,101
88,71
71,102
103,102
74,76
74,75
78,79
90,91
90,71
73,92
73,93
73,94
73,142
73,143
49,59
49,60
49,61
49,138
49,139
91,71
152,118
147,118
150,118
161,158
166,170
49
43,
44,GSK3B
45,PRKACA
47,GLI1
48,KIF7
49,GLI1
53,CUL1
54,FBXW11
59,GLI1
60,PTCH1
61,HHIP
65,PTCH1
66,SMO
71,SMO
73,GLI1
74,GLI1
75,KIF7
76,SUFU
78,PTCH1
79,GAS1
81,SMURF1
83,PTCH1
86,IHH
88,EVC2
90,ADRBK1
91,
92,GLI1
93,PTCH1
94,HHIP
101,GPR161
102,ARRB1
103,KIF3A
112,CUL3
113,SPOPL
118,SMO
124,PRKACA
129,SUFU
138,CCND1
139,BCL2
142,CCND1
143,BCL2
147,MEGF8
150,MGRN1
152,C16orf52
155,HHIP
158,HHAT
161,HHATL
166,IHH
170,DISP1
