50
113,9
29,30
9,19
19,20
20,21
21,11
11,12
12,13
13,14
9,122
123,124
9,46
30,19
30,46
47,26
26,27
47,193
193,194
88,89
100,106
100,107
100,108
100,109
100,110
100,111
201,202
129,131
73,71
71,70
71,69
68,64
64,63
64,62
162,152
153,165
153,166
153,167
153,168
141,142
142,39
39,40
40,34
34,35
35,36
36,37
142,217
217,55
56,43
43,44
56,214
62
9,EGFR
11,HRAS
12,ARAF
13,MAP2K1
14,MAPK1
19,SHC2
20,GRB2
21,HGF,SOS1
26,MTOR
27,RPS6KB1
29,IGF2
30,IGF1R
34,HRAS
35,ARAF
36,MAP2K1
37,MAPK1
39,GRB2
40,HGF,SOS1
43,MTOR
44,RPS6KB1
46,
47,AKT3
55,
56,AKT3
62,CCND1
63,MYC
64,LEF1
68,CTNNB1
69,GSK3B
70,FRAT1
71,DVL1
73,FZD10
88,RB1
89,E2F1,RBP3
100,TP53
106,CDKN1A
107,GADD45G
108,BAX
109,BAK1
110,DDB2
111,POLK,POLQ
113,TGFA
122,PLCG1
123,PRKACA,PRKCA
124,ELK1
129,SMAD2
131,SMAD4
141,HGF
142,MET
152,HEBP1,NFE2L2
153,HEBP1,NFE2L2
162,KEAP1
165,HMOX1
166,NQO1
167,GSTO2
168,TXNRD2
193,BAD
194,BCL2L1
201,RB1
202,E2F1,RBP3
214,BAD
217,GAB1
