76
80,81
98,97
97,99
17,19
14,13
13,19
50,52
52,53
55,26
374,26
26,27
27,28
58,63
58,64
55,57
248,246
248,241
241,242
264,342
265,52
165,167
354,167
246,354
169,170
173,170
108,119
109,118
74,80
48,384
48,56
237,236
236,244
237,262
262,235
262,264
262,265
237,269
237,268
269,264
265,342
73,74
28,42
82,87
24,13
24,19
111,113
112,114
121,117
87,91
87,89
192,310
192,312
192,194
29,32
261,183
261,184
163,292
163,182
87,81
62,61
74,75
188,313
313,406
69,70
207,23
176,175
167,340
170,340
340,160
121,120
14,12
119,111
118,112
68,25
53,410
410,55
93
12,CYCS
13,CASP9
14,APAF1
17,CASP12
19,CASP3
23,BAX
24,BIRC5
25,PRKACA,PRKCA
26,ARAF
27,MAP2K1
28,MAPK1
29,FOS
32,MMP9
42,CREB3
48,JAK1
50,PTK2B
52,SRC
53,GRB2
55,HRAS
56,STAT3
57,MAP3K1
58,MAPK8
61,NFKB1
62,NFKBIA
63,JUN
64,SMAD4
68,ATP6AP1
69,NFATC1
70,TNF
73,
74,AKT3
75,BAD
80,CHUK
81,NFKBIA
82,NFKB1
87,NFKB1
89,BCL2
91,MMP9
97,FAS
98,FASLG
99,FADD
108,TGFBR1
109,MAPK8
111,SMAD3
112,SMAD3
113,CDKN1A
114,MYC
117,FASLG
118,SMAD3
119,SMAD3
120,CREBBP
121,EGR2
160,TBK1
163,IRF3
165,TLR3
167,TICAM1
169,DDX58
170,MAVS
173,IFIH1
175,AVP,IFNAR1
176,IFNA1,IFNA13
182,IFNB1
183,TNF
184,HGF,IL6
188,CCNE1
192,TP53
194,CDKN1A
207,BCL2
235,MAPK1
236,CHUK
237,MAP3K7
241,TRAF6
242,TAB1
244,NFKBIA
246,TLR4
248,IRAK4
261,NFKB1
262,MAP2K1
264,MAPK14
265,MAPK8
268,MAP2K7
269,MAP2K3
292,IFNA1,IFNA13
310,BAX
312,FAS
313,RB1
340,CAP1,TRAF3
342,JUN
354,TICAM2
374,PRKACA,PRKCA
384,STAT1
406,E2F1,RBP3
410,HGF,SOS1
