34
18,28
19,28
20,28
17,28
28,29
28,30
34,127
34,22
34,109
35,22
36,22
40,22
21,32
32,33
188,195
195,196
198,122
209,36
26,24
24,212
212,37
37,22
27,25
25,38
25,39
39,41
41,42
42,43
43,22
35,122
127,126
35,126
159,140
215,18
38
17,P2RY2
18,BDKRB1
19,HTR2A
20,HRH1
21,PTGER2
22,TRPV1
24,IL1R1
25,NTRK1
26,IL1B
27,NGF
28,CMC1,GNAQ
29,PLA2G4B
30,PLCB1
32,GNAS
33,ADCY1
34,PRKCE
35,PRKACA
36,CAMK2A
37,MAPK14
38,PLCG1
39,
40,PRKCE
41,PRKCD
42,SRC
43,TRPV1
109,TRPA1
122,TRPV4
126,TRPM8
127,PPP1CA
140,TRPV2
159,IGF1
188,F2RL1
195,CMC1,GNAQ
196,PLCB1
198,PRKACA,PRKCA
209,CALML6
212,MAP2K3
215,KNG1
