43
113,114
114,23
23,8
7,101
20,21
21,24
24,8
43,44
44,46
46,32
44,32
59,91
91,51
59,51
178,49
179,4
99,4
7,4
31,28
50,49
7,6
6,5
31,30
30,29
50,70
70,69
7,106
106,6
162,30
30,82
69,85
187,183
4,124
4,164
4,165
28,125
28,127
82,125
82,127
49,126
49,168
85,126
85,168
43
4,FOXO1
5,RPS6KB1
6,MTOR
7,AKT3
8,
20,IGF1
21,IGF1R
23,IRS1
24,HRAS
28,FOXO3
29,RPS6KB1
30,MTOR
31,AKT3
32,
43,IGF1
44,IGF1R
46,IRS1
49,FOXO3
50,AKT3
51,PIK3CA
59,INSR
69,RPS6KB1
70,MTOR
82,EIF4EBP2
85,FOXA2
91,IRS1
99,PRKACA
101,ADCY1
106,PRKAG2
113,INS
114,INSR
124,SOD2
125,SOD1
126,SOD2
127,CRYAB
162,PRKAG2
164,CAT
165,ATG5
168,CAT
178,SIRT1
179,SIRT1
183,SIRT1
187,HDAC1
