35
74,104
96,104
102,104
74,96
74,102
96,102
44,96
98,99
189,188
47,94
45,46
44,190
92,93
89,196
88,89
87,88
88,91
83,88
87,91
83,87
83,91
83,85
85,86
71,91
71,84
46,47
45,190
191,44
192,191
195,90
90,208
208,196
104,215
202,215
214,202
34
44,ALG6
45,ALG12
46,ALG9
47,ALG3
71,MGAT5B
74,DOLPP1
83,FUT8
84,MGAT4C
85,B4GALT1
86,ST6GAL1
87,MGAT3
88,MGAT2
89,MAN2A2
90,MAN1B1
91,MGAT4B
92,GANAB
93,MOGS
94,ALG11
96,ALG5
98,ALG2
99,ALG1
102,DPAGT1,GPT
104,DOLK
188,ALG2
189,ALG11
190,ALG9
191,ALG8
192,ALG10,ALG10B
195,GANAB
196,MGAT1
202,SRD5A3
208,MAN1A2
214,DHRSX
215,DHRSX
