42
18,25
25,24
24,23
23,207
23,22
22,19
207,20
183,182
184,182
132,131
180,131
181,131
182,131
62,118
62,120
123,120
194,55
148,55
146,55
150,55
198,150
131,55
46,97
42,153
153,160
56,40
20,50
103,105
105,107
107,113
107,60
179,49
60,49
61,49
60,208
49,51
207,169
52,154
154,165
143,55
55,19
18,22
48
18,MOS
19,CDK1
20,MAD2L2
22,MYT1,PKMYT1
23,RPS6KA6
24,MAPK1
25,MAP2K1
40,CDC20
42,PTTG2
46,FBXO5
49,FBXO43
50,ANAPC10
51,CDC20
52,PTTG2
55,CDC25C
56,FBXO43
60,CAMK2A
61,PLK1
62,AURKA
97,CDC20
103,PLCZ1
105,ITPR1
107,CALML6
113,PPP3CA
118,CPEB2
120,CPEB2
123,PLK1
131,PRKACA
132,ADCY1
143,YWHAQ
146,PPP1CA
148,MAPK14
150,PLK1
153,ESPL1
154,ESPL1
160,REC8
165,REC8
169,SGOL1
179,PPP2CA
180,PGR
181,AR
182,IGF1R
183,INS
184,IGF1
194,CDK2
198,SLK
207,BUB1
208,CDC25C
