78
9,5
5,143
143,144
5,57
57,58
66,67
67,69
64,65
65,6
120,121
121,6
135,136
8,7
7,6
18,19
6,56
56,57
11,6
11,141
141,6
130,6
6,12
34,37
149,36
6,151
151,152
7,78
78,81
93,95
12,81
80,81
79,80
7,76
7,77
45,46
46,47
48,49
128,47
10,8
78,80
49,100
69,6
32,35
32,34
32,149
98,99
17,18
37,75
36,75
47,48
6,13
13,14
14,138
32,17
138,41
138,42
19,41
19,42
75,41
75,42
75,106
75,107
75,108
75,109
95,106
95,107
95,108
95,109
99,106
99,107
99,108
99,109
99,100
133,100
81,174
81,175
174,93
175,93
65
5,CSF1R
6,TRAF2
7,TNFRSF11A
8,TNFSF11
9,CSF1
10,TNFRSF11B
11,CYLD
12,GAB2
13,MAP3K14
14,CHUK
17,IKBKB
18,NFKBIA
19,NFKB1
32,MAP3K7
34,MAP2K6
35,MAP2K1
36,MAPK8
37,MAPK14
41,NFATC1
42,IFNB1
45,IFNB1
46,AVP,IFNAR1
47,JAK1
48,STAT1
49,IRF9
56,FYN,SLK
57,
58,AKT3
64,IL1A
65,IL1R1
66,IFNG
67,IFNGR1
69,STAT1
75,FOS
76,FCGR3B
77,TYROBP
78,BTK
79,SYK
80,BLNK
81,PLCG2
93,PPP3CA
95,NFATC1
98,CAMK4
99,CREB1
100,FOS
106,CTSK,CTSO
107,ACP5
108,CALCR
109,ITGB3
120,TNF
121,TNFRSF1A
128,SOCS1
130,FHL2
133,PPARG
135,TGFB1
136,TGFBR1
138,NFKB2
141,SQSTM1
143,GRB2
144,MAPK1
149,MAP2K7
151,RAC1
152,CYBA
174,ITPR1
175,ATP2A1
