54
47,16
9,91
67,14
67,15
9,47
9,49
9,67
47,49
47,67
49,67
15,69
14,69
49,70
70,90
106,26
26,28
64,99
99,33
33,35
35,50
52,86
52,81
52,82
86,81
81,82
90,106
70,24
24,40
40,93
95,92
92,96
96,97
97,98
54,73
54,60
54,61
73,60
60,61
110,52
109,54
16,71
111,68
73,172
61,172
86,170
170,82
170,52
40,174
93,174
174,26
174,28
109,98
110,50
112,91
44
9,CYP46A1
14,CYP7B1
15,CYP7A1
16,CYP7B1
24,AKR1D1
26,AKR1C4
28,CYP27A1
33,AMACR
35,ACOX2
40,AKR1C4
47,CH25H
49,CYP7A1
50,DBP,HSD17B4
52,SCP2
54,SCP2
60,SLC27A5
61,BAAT
64,CYP27A1
67,CYP27A1
68,HSD3B7
69,HSD3B7
70,HSD3B7
71,HSD3B7
73,BAAT
81,SLC27A5
82,BAAT
86,BAAT
90,CYP8B1
91,CYP39A1
92,SLC27A5
93,CYP27A1
95,CYP27A1
96,AMACR
97,ACOX2
98,DBP,HSD17B4
99,SLC27A5
106,AKR1D1
109,DBP,HSD17B4
110,DBP,HSD17B4
111,CYP7B1
112,HSD3B7
170,ACOT8
172,ACOT8
174,CYP8B1
