29
211,80
211,212
136,34
34,28
136,208
208,29
28,29
134,29
135,31
31,32
32,33
33,30
58,57
135,148
148,29
28,37
37,34
29,218
221,130
91,187
90,63
213,212
195,189
195,63
159,134
90,89
195,90
130,58
189,63
30
28,ATF4
29,CEBPZ,DDIT3
30,MAPK8
31,TRAF2
32,MAP3K5
33,MAP2K7
34,EIF2A,EIF2S1
37,PPP1R15A
57,CASP12
58,CAPN1
63,VCP
80,SEC24B
89,UFD1L
90,NPLOC4
91,ERO1L
130,BAK1
134,ATF6B
135,ERN1
136,EIF2AK3
148,XBP1
159,WFS1
187,PDIA6
189,UBXN2A
195,SVIP
208,HEBP1,NFE2L2
211,SEC31A
212,SAR1B
213,PREB
218,BCL2
221,BCL2
