60
51,49
57,55
34,32
20,17
60,46
43,41
22,16
19,15
27,26
47,43
47,60
21,22
21,19
61,57
58,57
7,6
6,51
52,51
34,51
36,51
35,34
34,20
36,20
47,48
42,43
40,39
49,40
49,38
151,56
152,50
153,33
166,51
196,57
170,175
176,175
179,184
175,188
184,60
178,172
175,174
184,183
181,184
59,57
54,47
53,47
45,60
45,43
159,43
56,60
50,43
33,22
18,19
38,37
203,33
206,49
209,51
218,217
226,60
229,60
229,43
65
6,LTBP1
7,THBS1
15,SMAD4
16,SMAD4
17,ACVR2A
18,ACVR1C
19,SMAD2
20,NODAL
21,SMAD6
22,SMAD2
26,CDKN2B
27,MYC
32,ACVR2A
33,ACVR1
34,INHBA
35,FST
36,LEFTY1
37,RPS6KB1
38,PPP2CA
39,ROCK1
40,RHOA
41,SMAD4
42,ZFYVE9
43,SMAD2
45,MAPK1
46,SMAD4
47,SMAD6
48,SMURF1
49,TGFBR2
50,TGFBR1
51,TGFB1
52,DCN
53,TNF
54,IFNG
55,AMHR2
56,BMPR1A
57,GDF7
58,NOG
59,MINOS1-NBL1,NBL1
60,SMAD1
61,CHRD
151,BAMBI
152,BAMBI
153,BAMBI
159,TGIF2
166,FMOD
170,BMP2
172,HFE2
174,BMPR2
175,BMPR1A
176,INHBB
178,NEO1
179,BMP2
181,RGMB
183,BMPR2
184,BMPR1A
188,SMAD1
196,GREM1
203,IGSF1
206,EMP3
209,LRRC32
217,TFR2
218,HFE,HLA-H
226,TMEM53
229,LEMD3
