47
124,125
125,47
47,48
48,49
60,47
6,7
7,8
9,17
17,16
9,15
9,14
9,11
11,12
12,13
118,119
119,6
120,122
122,6
113,105
164,165
165,87
74,85
85,86
87,86
90,91
91,92
92,93
93,161
129,130
128,127
127,19
200,199
199,207
207,82
174,85
174,86
49,51
48,50
48,43
13,43
13,39
13,40
13,41
13,42
82,45
19,45
130,45
52
6,MYD88
7,IRAK1
8,TRAF6
9,MAP3K7
11,CHUK
12,NFKBIA
13,NFKB1
14,MAPK1
15,MAPK8
16,MAPK14
17,MAP2K3
19,GNAI1
39,IL12A
40,TNF
41,BCL2
42,BIRC2
43,NOS2
45,IL12A
47,JAK1
48,STAT1
49,CIITA
50,IRGM
51,HLA-DMA
60,SOCS1
74,CYCS
82,STAT3
85,CASP9
86,CASP3
87,CASP8
90,GNAI1
91,PIK3R6
92,PDK1,PDPK1
93,AKT3
105,ITGA6
113,LAMC3
118,LY96
119,TLR4
120,HSPA1A
122,TLR2
124,IFNG
125,IFNGR1
127,CCR5
128,PPIF
129,CD40LG
130,CD40
161,BAD
164,TNF
165,TNFRSF1A
174,BIRC2
199,IL10RA
200,IL10
207,JAK1
