43
52,46
52,38
46,49
38,44
31,37
37,13
12,13
41,45
37,45
15,45
15,32
15,50
22,32
32,50
50,40
50,14
27,30
26,36
26,18
26,17
30,29
32,29
26,28
12,15
40,15
40,24
40,16
40,48
29,16
28,16
49,44
44,43
44,41
44,37
43,45
31,41
32,33
16,19
40,39
40,34
141,26
33,26
30,137
35
12,NFKB1
13,NFKBIA
14,PTPN11
15,SOCS3
16,CPT1C
17,G6PC
18,PCK1
19,ACSL1
22,LEP
24,POMC
26,PRKAG2
27,ADIPOQ
28,ACACB
29,PPARA
30,ADIPOR1
31,PRKCQ
32,LEPR
33,STK11
34,NPY
36,SLC2A1
37,CHUK
38,TNFRSF1B
39,AGRP
40,STAT3
41,MAPK8
43,MTOR
44,TRAF2
45,IRS1
46,TNFRSF1A
48,PPARGC1A
49,TRADD
50,JAK2
52,TNF
137,APPL1
141,CAMKK2
