32
288,95
289,95
178,179
179,186
84,182
182,183
297,280
298,280
215,233
233,234
220,221
95,287
280,296
180,198
222,223
198,186
223,224
186,336
186,337
186,338
224,339
339,363
339,344
356,344
342,344
339,356
339,342
181,83
181,82
181,81
235,213
235,212
39
81,CACNA1C,CACNA1C-IT2
82,GRIN3A
83,GRIA1
84,DRD1
95,SLC6A3
178,CALML6
179,CAMK4
180,PPP1R1B
181,PRKACA
182,GNAS
183,ADCY5
186,CREB3
198,PPP1CA
212,CACNA1C,CACNA1C-IT2
213,GRIN3A
215,DRD1
220,CALML6
221,PPP3CA
222,PPP1R1B
223,PPP1CA
224,CREB3
233,GNAS
234,ADCY5
235,PRKACA
280,SLC6A3
287,STX1A
288,PRKACA,PRKCA
289,CAMK2A
296,STX1A
297,PRKACA,PRKCA
298,CAMK2A
336,PDYN
337,ARC
338,FOS
339,FOSB
342,HDAC1
344,FOS
356,SIRT1
363,JUN
