50
179,177
99,52
158,160
158,161
207,87
30,31
31,15
9,11
11,15
15,13
209,92
92,126
92,128
8,158
123,124
92,127
92,231
178,8
219,8
53,8
8,67
8,123
8,49
8,217
14,12
8,140
8,103
8,172
8,175
8,132
8,57
8,92
44,34
49,50
105,110
105,109
140,109
140,148
229,140
50,112
113,119
113,120
113,121
8,153
153,207
176,8
8,186
8,113
8,192
240,8
56
8,PRKAG2
9,INS
11,INSR
12,AKT3
13,
14,PDK1,PDPK1
15,IRS1
30,IGF1
31,IGF1R
34,FOXO1
44,FOXO1
49,PPARGC1A
50,PPARGC1A
52,ADIPOR1
53,CAMKK2
57,ACACA
67,PFKFB1
87,SLC2A4
92,MTOR
99,ADIPOQ
103,GYS1
105,HNF4A
109,PCK1
110,G6PC
112,SLC2A4
113,SREBF1
119,FAS,FASN
120,ACACA
121,SCD
123,EEF2K
124,EEF2
126,RPS6KB1
127,EIF4EBP1
128,PPARG
132,ACACB
140,CRTC2
148,PPARGC1A
153,TBC1D1
158,ELAVL1
160,CCND1
161,CCNA2
172,LIPE
175,HMGCR
176,ADRA1A
177,LEPR
178,CAMKK2
179,LEP
186,CD36
192,CFTR
207,RAB10
209,RHEB
217,MLYCD
219,MAP3K7
229,CREB3
231,ULK1
240,CIDEA
