57
45,46
23,46
46,39
35,69
69,70
70,71
71,72
71,73
72,74
73,74
126,135
22,42
22,21
42,23
43,23
87,84
87,85
87,86
4,84
74,84
74,85
74,86
38,48
183,226
40,23
41,23
333,184
22,185
22,187
22,323
331,22
360,192
287,206
206,192
206,191
206,190
191,199
191,239
239,172
239,437
190,194
194,195
192,201
195,202
84,220
85,220
86,220
126,136
285,321
281,321
235,140
140,350
422,423
251,252
235,129
388,392
274,273
65
4,SOD1
21,TOMM40
22,SOD1
23,CYCS
35,TNF
38,CASP1
39,CASP3
40,BAX
41,BAD
42,BCL2
43,BCL2L1
45,APAF1
46,CASP9
48,BID
69,TNFRSF1A
70,DAXX
71,MAP3K5
72,MAP2K3
73,MAP2K6
74,MAPK14
84,NEFL
85,NEFM
86,NEFH
87,PRPH
126,ALS2
129,DERL1
135,RAC1
136,RAB5A
140,PPP3CA
172,MAP3K5
183,PINK1
184,NDUFC2-KCTD14
185,SDHA
187,COX6B2
190,EIF2AK3
191,ERN1
192,ATF6
194,EIF2A,EIF2S1
195,ATF4
199,XBP1
201,CEBPZ,DDIT3
202,CEBPZ,DDIT3
206,HSPA5
220,KLC2,KLC3
226,PARK2
235,SOD1
239,TRAF2
251,ATG2A
252,WIPI2
273,C9orf72
274,RAB1A
281,SQSTM1
285,OPTN
287,SOD1
321,
323,VDAC1
331,BCL2
333,TARDBP
350,TARDBP
360,VAPB
388,CHCHD10
392,TARDBP
422,NRG3
423,ERBB4
437,CASP12
