91
40,150
142,230
282,160
143,151
105,224
70,23
23,21
236,238
122,124
200,206
286,284
40,44
10,13
14,16
74,76
11,29
12,30
195,196
197,196
129,130
140,139
247,248
96,98
86,85
85,84
28,20
176,175
21,17
21,18
191,193
238,239
239,240
124,125
125,126
263,265
110,109
120,119
171,170
273,274
279,278
268,267
54,60
230,275
21,176
168,266
266,267
143,227
227,228
228,229
224,225
225,226
296,305
297,305
298,305
81,83
90,76
243,246
160,154
284,208
186,9
186,40
186,10
186,105
79,89
81,79
70,72
16,70
76,81
76,79
29,236
30,122
197,122
201,200
13,105
9,40
58,142
9,58
40,168
16,19
19,21
22,21
72,22
174,156
174,288
174,295
174,290
302,300
216,217
51,50
242,243
65,66
116
9,CLEC7A
10,CLEC6A
11,CLEC4E
12,CLEC4D
13,FCER1G
14,CLEC4M
16,LSP1
17,KSR1
18,PLK3
19,SRC
20,NFKB1
21,RAF1
22,PAK1
23,RRAS2
28,RELA
29,FCER1G
30,FCER1G
40,SYK
44,PTPN11
50,NFKB1
51,RELA
54,AVP,NLRP3
58,LSP1
60,PYCARD
65,CASP8
66,PYCARD
70,ARHGEF12
72,RHOA
74,CLEC4M
76,LSP1
79,CYLD
81,IKBKE
83,STAT1
84,STAT2
85,STAT1
86,IRF9
89,BCL3
90,MAPKAPK2
96,BCL3
98,NFKB1
105,SYK
109,NFKB1
110,RELA
119,NFKB1
120,RELA
122,SYK
124,CARD9
125,BCL10
126,MALT1
129,NFKB1
130,RELA
139,NFKB1
140,RELA
142,RRAS2
143,PRKCD
150,PLCG2
151,MAPK1
154,NFATC1
156,IL2
160,PPP3CA
168,MAP3K14
170,NFKB1
171,RELA
174,NFATC1
175,NFKB1
176,RELA
186,CBLB
191,IKBKG
193,CHUK
195,CLEC4E
196,CLEC4D
197,FCER1G
200,SYK
201,CLEC1B,CLEC2B
206,PLCG2
208,NFATC1
216,NFATC1
217,IL17D
224,CARD9
225,BCL10
226,MALT1
227,CARD9
228,BCL10
229,MALT1
230,RAF1
236,SYK
238,CARD9
239,BCL10
240,MALT1
242,
243,AKT3
246,MDM2
247,MDM2
248,IRF1
263,IKBKG
265,CHUK
266,CHUK
267,NFKB2
268,RELB
273,RELA
274,RELB
275,RELA
278,NFKB2
279,RELB
282,CALML6
284,PPP3CA
286,CALML6
288,IL10
290,PTGS2
295,EGR2
296,MAPK14
297,MAPK8
298,MAPK1
300,IL12A
302,JUN
305,JUN
