36
80,83
83,78
82,81
81,79
56,59
74,64
67,74
48,74
78,82
65,66
69,66
59,66
54,66
62,66
65,49
69,49
59,49
54,49
62,49
52,68
73,57
57,69
74,30
74,29
74,31
47,74
55,59
147,70
52,51
166,158
164,79
174,56
175,79
71,68
48,181
48,183
38
29,ADCY1
30,PDE1A
31,NOS1
47,CAMK1D
48,PPP3CA
49,PRKACA,PRKCA
51,TPCN2
52,CD38
54,PLCE1
55,
56,EGFR
57,GNA11
59,PLCG1
62,PLCZ1
64,MYLK4
65,PLCD3
66,ITPR1
67,PHKA1
68,RYR1
69,PLCB1
70,ORAI2
71,CACNA1C,CACNA1C-IT2
73,CYSLTR1
74,CALML6
78,ADCY1
79,ATP2A1
80,CHRM1
81,PLN
82,PRKACA
83,GNAL
147,STIM2
158,TRDN
164,HRC
166,HRC
174,EGF
175,ELN,SMIM6
181,NFATC1
183,TFEB
