40
65,76
52,37
52,50
52,35
50,26
39,51
39,52
40,52
38,52
36,52
36,64
64,72
64,71
64,70
64,66
36,61
44,45
34,61
43,66
42,66
43,24
42,24
27,61
27,42
61,24
35,67
50,67
4,39
28,52
28,36
82,79
79,30
31,32
188,189
189,54
55,57
196,200
199,200
289,283
283,284
44
4,CDKN2A
24,CDK1
26,PCNA
27,PLK1
28,ATM
30,MAD2L2
31,BUB1
32,BUB3
34,YWHAQ
35,SFN
36,CHEK1
37,CDKN1A
38,PRKDC
39,MDM2
40,CREBBP
42,MYT1,PKMYT1
43,WEE2
44,PTTG2
45,ESPL1
50,GADD45G
51,RB1
52,TP53
54,CDKN2B
55,TGFB1
57,SMAD2
61,CDC25B
64,CDC25A
65,GSK3B
66,CDK1
67,CCNB3
70,CDK2
71,CDK2
72,CDK4
76,CCND1
79,MAD1L1
82,TTK
188,MYC
189,ZBTB17
196,ABL1
199,HDAC1
200,RB1
283,CDKN1A
284,FBXO5
289,TP53
