66
208,222
222,209
47,29
47,12
47,52
15,21
12,17
168,170
169,171
33,34
52,48
48,56
56,51
79,74
56,74
74,75
100,75
110,114
114,75
74,59
31,42
31,32
114,113
141,142
143,144
43,42
21,22
22,27
32,33
69,71
99,138
110,138
171,172
13,69
75,106
209,246
51,59
75,63
136,135
136,149
42,63
27,63
71,89
71,91
228,227
214,209
247,248
239,240
53,55
64,67
86,87
123,124
126,127
128,129
89,93
91,93
135,134
149,134
34,27
230,214
138,136
12,13
94,75
47,21
17,27
99,100
74
12,RASSF3,RASSF5
13,PPP1CA
15,MYC
17,HIPK3
21,CDKN2A
22,MDM2
27,TP53
29,
31,AKT3
32,TSC1
33,RHEB
34,MTOR
42,FOXO3
43,SIRT1
47,RRAS2
48,MAP2K1
51,ETS1
52,RAF1
53,CDK4
55,CCND1
56,MAPK1
59,CDKN2A
63,CDKN1A
64,CDK2
67,CCNE1
69,RB1
71,E2F1,RBP3
74,MAPK14
75,TP53
79,MAP2K3
86,CDK2
87,CCNA2
89,MYBL2
91,FOXM1,MPP2
93,LIN54
94,SIRT1
99,ATM
100,CDS1,CHEK2
106,GADD45G
110,ATR
113,CDC25A
114,CHEK1
123,CDK1
124,CCNB3
126,CDK2
127,CCNE1
128,CDK4
129,CCND1
134,NFKB1
135,TRAF3IP2
136,GATA4
138,SQSTM1
141,MAPKAPK2
142,BRF1,ZFP36L1
143,MTOR
144,EIF4EBP1
149,IL1A
168,CAPN1
169,CALML6
170,IL1A
171,PPP3CA
172,NFATC1
208,TGFB1
209,SMAD2
214,FOXO1
222,TGFBR1
227,KIR2DL4
228,HLA-A
230,
239,CDK2
240,CCNE1
246,CDKN2B
247,CDK4
248,CCND1
