34
32,29
29,30
30,7
7,8
8,10
8,58
58,5
29,12
13,11
65,66
106,107
108,109
12,36
12,63
8,63
8,37
10,63
10,36
58,63
58,36
10,9
9,6
66,67
11,64
66,68
6,39
5,39
125,35
128,36
127,36
123,63
131,39
6,136
5,136
33
5,MAPK8
6,MAPK1
7,HGF,SOS1
8,HRAS
9,MAP2K1
10,RAF1
11,AKT3
12,
13,PDK1,PDPK1
29,EGFR
30,GRB2
32,EGF
35,SLC44A3
36,CHKA
37,PLCG1
39,PCYT1A
58,RALGDS
63,PLD1
64,TSC1
65,RHEB
66,MTOR
67,RPS6KB1
68,EIF4EBP1
106,PIP5K1C
107,WAS
108,RAC1
109,WASF2
123,SP1
125,SP1
127,FOS
128,HIF1A
131,SP1
136,PLA2G4B
