33
48,47
8,32
32,34
34,48
34,7
32,31
31,55
55,54
47,26
26,23
47,25
8,33
54,53
53,52
47,28
47,24
25,9
39,40
21,43
40,30
22,23
41,42
28,27
8,17
8,20
20,6
29,39
144,150
144,151
144,152
144,153
144,154
144,155
38
6,BCL2L1
7,PTPN11
8,ABL1
9,TP53
17,MYC
20,STAT5A
21,SMAD4
22,NFKB1
23,NFKBIA
24,CDKN1B
25,MDM2
26,CHUK
27,BCL2L1
28,BAD
29,CDKN2A
30,CDKN1A
31,HGF,SOS1
32,GRB2
33,SHC2
34,GAB2
39,MDM2
40,TP53
41,E2F1,RBP3
42,RB1
43,SMAD3
47,AKT3
48,
52,MAPK1
53,MAP2K1
54,ARAF
55,HRAS
144,TP53
150,CDKN1A
151,GADD45G
152,BAX
153,BAK1
154,DDB2
155,POLK,POLQ
