73
133,134
135,134
173,7
173,10
187,133
7,10
72,73
8,14
73,21
14,21
21,19
20,4
20,18
20,129
18,4
4,10
18,10
129,10
154,10
79,10
119,10
158,10
53,43
43,44
44,11
11,12
12,15
15,13
13,6
5,10
48,10
4,61
76,82
76,83
76,179
76,84
76,85
76,86
76,87
76,88
76,89
76,90
76,91
76,92
76,93
76,94
76,123
76,125
76,124
76,95
76,96
76,97
76,98
76,16
76,17
76,99
76,100
76,101
76,102
76,103
76,166
149,147
150,147
147,10
162,10
159,10
115,117
115,118
117,19
118,19
6,10
164,76
76,189
72
4,CHUK
5,MAPK8
6,MAPK1
7,PRKAG2
8,INS
10,FOXO6
11,HGF,SOS1
12,HRAS
13,MAP2K1
14,INSR
15,ARAF
16,PCK1
17,G6PC
18,AKT3
19,
20,PDK1,PDPK1
21,IRS1
43,EGFR
44,GRB2
48,MST1,STK4
53,EGF
61,PTEN,TEP1
72,IGF1
73,IGF1R
76,FOXO6
79,CDK2
82,CCNB3
83,CCND1
84,CDKN2B
85,CDKN2D
86,CDKN1A
87,CDKN1B
88,RBL2
89,PLK4
90,GADD45G
91,FASLG
92,BCL2L11
93,TNFSF10
94,BCL6
95,CAT
96,SOD2
97,GADD45G
98,ATM
99,BCL6
100,IL7R
101,KLF2
102,S1PR1
103,RAG1
115,GRM1
117,HOMER3
118,AGAP2
119,
123,BNIP3
124,GABARAP
125,ATG12
129,C8orf44-SGK3
133,TGFBR1
134,SMAD3
135,SMAD4
147,STAT3
149,HGF,IL6
150,IL10
154,NLK
158,MAPK14
159,SETD7
162,PRMT1
164,USP7
166,FBXO32
173,STK11
179,CCNG2
187,TGFB1
189,C10orf10
