49
48,45
67,24
67,69
69,24
52,41
44,28
28,56
56,55
55,54
54,53
60,59
59,58
58,57
57,56
59,49
49,39
39,40
40,38
61,62
68,62
62,48
66,64
42,63
65,63
63,67
35,51
33,34
34,50
34,47
30,32
31,32
29,31
29,30
23,33
64,48
41,29
24,29
45,29
29,46
49,31
38,31
53,31
43,29
45,31
24,31
41,31
38,29
53,29
49,29
42
23,CSNK1D
24,PRKACA,PRKCA
28,GNAI1
29,GJA1
30,GJA1
31,GJA1
32,GJA1
33,GJA1
34,GJA1
35,GJA1
38,MAPK7
39,MAP3K2
40,MAP2K5
41,PRKG1
42,HTR2A
43,CDK1
44,LPAR1
45,PRKACA
46,TJP1
47,TUBB3
48,ADCY1
49,SRC
50,TUBA1B
51,GJA1
52,GUCY1A2
53,MAPK1
54,MAP2K1
55,RAF1
56,HRAS
57,HGF,SOS1
58,GRB2
59,EGFR
60,EGF
61,ADRB1
62,GNAS
63,GNA11
64,GNAI1
65,GRM1
66,DRD2
67,PLCB1
68,DRD1
69,ITPR1
