59
6,10
7,10
8,11
9,12
13,17
14,17
15,18
16,19
20,21
23,24
24,25
25,59
22,59
59,26
59,29
42,43
45,46
46,47
47,48
48,49
48,51
44,48
26,27
27,28
30,32
49,50
50,61
52,53
33,35
34,33
21,59
43,48
39,40
56,57
10,58
11,58
12,58
10,23
11,23
12,23
17,41
18,41
19,41
17,45
18,45
19,45
10,29
11,29
12,29
17,51
18,51
19,51
35,60
184,190
184,191
184,192
184,193
184,194
184,195
57
6,EGF
7,TGFA
8,PDGFA
9,IGF1
10,EGFR
11,PDGFRA
12,IGF1R
13,EGF
14,TGFA
15,PDGFA
16,IGF1
17,EGFR
18,PDGFRA
19,IGF1R
20,CALML6
21,CAMK1D
22,PRKACA,PRKCA
23,SHC2
24,GRB2
25,HGF,SOS1
26,ARAF
27,MAP2K1
28,MAPK1
29,
30,AKT3
32,MTOR
33,MDM2
34,CDKN2A
35,TP53
39,RB1
40,E2F1,RBP3
41,PLCG1
42,CALML6
43,CAMK1D
44,PRKACA,PRKCA
45,SHC2
46,GRB2
47,HGF,SOS1
48,HRAS
49,ARAF
50,MAP2K1
51,
52,AKT3
53,MTOR
56,RB1
57,E2F1,RBP3
58,PLCG1
59,HRAS
60,CDKN1A
61,MAPK1
184,TP53
190,CDKN1A
191,GADD45G
192,BAX
193,BAK1
194,DDB2
195,POLK,POLQ
