33
45,90
174,90
172,90
90,171
45,108
32,31
32,83
97,32
32,64
64,65
81,198
81,199
81,202
32,61
61,62
33,158
34,158
28,158
90,46
90,116
171,116
158,62
31,209
209,210
210,211
211,213
213,212
212,32
32,205
205,206
206,78
227,211
32,229
34
28,GRM7
31,GRIN3A
32,GRM1
33,GRM2
34,GRM4
45,GRM2
46,ADCY1
61,GNAS
62,ADCY1
64,CMC1,GNAQ
65,PLCB1
78,ITPR1
81,PRKACA,PRKCA
83,TRPC1
90,GNB5
97,PPP3CA
108,ADRBK1
116,CACNA1A,HPCA
158,GNAI1
171,KCNJ3
172,GRM7
174,GRM4
198,PLA2G4B
199,PLD1
202,MAPK1
205,HOMER3
206,HOMER3
209,DLG4
210,DLGAP1
211,SHANK2
212,HOMER3
213,HOMER3
227,LZTS3
229,NCDN
