38
18,69
76,77
70,71
71,72
41,40
40,39
39,38
47,48
58,14
58,17
163,15
17,64
15,17
15,37
176,23
176,22
176,181
176,92
176,182
93,94
142,143
109,110
110,112
94,96
96,143
96,144
163,64
114,117
19,34
34,91
168,15
20,15
60,15
96,97
144,145
143,144
88,64
87,64
47
14,SAV1
15,STK3
17,LATS2
18,CRB1
19,CTNNA1
20,RASSF1
22,BIRC5
23,AR,AREG
34,YWHAQ
37,MOB1A
38,YAP1
39,AMOT
40,MPP5
41,INADL
47,CDH1
48,CDH1
58,WTIP
60,ACTB
64,YAP1
69,CRB1
70,ASIP,PARD3
71,PARD6A
72,PRKCI
76,CDH1
77,CDH1
87,
88,FBXW11
91,YAP1
92,ITGB2
93,TGFB1
94,TGFBR1
96,SMAD2
97,SMAD4
109,WNT16
110,FZD10
112,DVL1
114,CTNNB1
117,LEF1
142,GDF7
143,BMPR1A
144,SMAD1
145,SMAD4
163,PPP2CA
168,RASSF6
176,YAP1
181,AFP
182,FGF1
