63
332,318
318,319
342,340
177,178
178,179
65,119
77,78
353,79
25,90
90,79
79,80
80,81
244,12
244,46
44,23
23,46
46,47
47,48
48,57
272,273
274,276
164,165
319,321
156,157
385,157
295,11
8,7
7,6
7,5
194,195
132,133
11,305
27,28
252,259
182,190
305,51
305,50
195,51
195,50
362,363
276,277
23,268
206,201
133,144
133,145
274,275
11,26
11,24
24,29
11,37
11,27
37,38
23,12
340,326
326,327
11,124
57,58
58,59
229,219
219,220
390,132
130,129
129,131
81
5,EIF4EBP1
6,RPS6KB1
7,MTOR
8,RHEB
11,AKT3
12,
23,EGFR
24,GSK3B
25,FASLG
26,BAD
27,MDM2
28,TP53
29,CCND1
37,CHUK
38,NFKB1
44,EGF
46,GRB2
47,HGF,SOS1
48,HRAS
50,CDKN1A
51,CDKN1B
57,RAF1
58,MAP2K1
59,MAPK1
65,PTK2
77,TNF
78,TNFRSF1A
79,FADD
80,CASP8
81,CASP3
90,FAS
119,PXN
124,VEGFA
129,NFX1
130,UBE3A
131,TERT
132,RB1
133,E2F1,RBP3
144,CCNA2
145,CCNE1
156,CREBBP
157,TP53
164,JAG1
165,NOTCH1
177,TLR3
178,TICAM1
179,CAP1,TRAF3
182,IRF3
190,IFNB1
194,UBE3A
195,TP53
201,NOTCH1
206,LFNG
219,STAT2
220,STAT1
229,STAT1
244,PDGFRB
252,
259,EGFR
268,PTGS2
272,PTGER4
273,GNAS
274,PRKACA
275,BAX
276,CREB3
277,PTGER4
295,PPP2R3B
305,FOXO1
318,FZD10
319,DVL1
321,GSK3B
326,TERT
327,TCF7
332,WNT16
340,CTNNB1
342,UBE3A
353,TRADD
362,IRF1
363,IFNB1
385,TADA3
390,PSMC1
