63
55,72
66,69
62,69
53,59
41,59
42,66
42,69
42,40
42,70
22,42
12,42
12,70
12,40
70,44
70,58
68,57
68,43
57,51
57,34
57,60
57,45
57,46
57,25
57,67
65,67
65,61
53,67
41,67
60,27
25,28
25,27
28,33
29,24
31,38
43,32
40,44
44,36
36,37
37,47
47,39
39,17
17,16
17,15
16,38
34,54
19,30
62,59
64,59
14,42
13,42
13,70
11,70
10,70
58,65
58,68
61,30
61,18
61,26
61,63
34,49
34,52
34,48
68,65
56
10,IKBKB
11,MAPK8
12,PTPRF
13,PTPN1
14,SOCS4,SOCS7
15,ELK1
16,MKNK2
17,MAPK1
18,FAS,FASN
19,PRKAG2
22,INS
24,LIPE
25,PPP1CA
26,PKLR
27,GYS1
28,CALML6
29,PRKACA
30,ACACA
31,EIF4EBP1
32,RPS6
33,PYGB
34,FOXO1
36,HGF,SOS1
37,HRAS
38,EIF4E
39,MAP2K1
40,SHC2
41,TRIP10
42,INSR
43,RPS6KB1
44,GRB2
45,BAD
46,TSC2
47,ARAF
48,PCK1
49,G6PC
51,PDE3B
52,FBP1
53,EXOC1,EXOC7
54,PPARGC1A
55,SORBS1
57,AKT3
58,
59,RHOQ
60,GSK3B
61,SREBF1
62,RAPGEF1
63,GCK,GK
64,CRK
65,PRKCI
66,SH2B2
67,SLC2A4
68,PDK1,PDPK1
69,CBL
70,IRS1
72,FLOT1
