37
39,40
40,23
23,8
20,21
21,24
24,8
7,31
7,6
6,5
59,6
81,82
82,155
124,34
72,34
124,128
34,6
6,66
66,67
29,4
7,4
4,50
4,153
4,154
101,102
73,74
74,34
29,161
128,132
115,40
115,23
116,21
101,91
101,92
101,139
101,142
101,4
34,4
38
4,FOXO1
5,RPS6KB1
6,MTOR
7,AKT3
8,
20,IGF1
21,IGF1R
23,IRS1
24,HRAS
29,PRKACA
31,ADCY1
34,PRKAG2
39,INS
40,INSR
50,SOD2
59,RHEB
66,EIF4EBP1
67,EIF4E
72,STK11
73,TP53
74,SESN3
81,ADIPOQ
82,ADIPOR1
91,BAX
92,TP53
101,SIRT1
102,PPARGC1A
115,KL
116,KL
124,CAMKK2
128,CAMK4
132,PPARGC1A
139,NFKB1
142,PPARG
153,CAT
154,ATG5
155,APPL1
161,EHMT2
