34
30,53
53,56
26,41
35,41
35,67
41,57
24,57
21,67
21,41
25,41
30,63
56,58
63,62
62,61
61,60
66,54
54,26
60,26
66,36
36,35
59,65
65,41
37,22
22,21
37,29
29,25
51,44
44,28
52,43
43,27
58,64
64,61
64,60
64,41
31
21,PLCB1
22,GNA11
24,RYR1
25,PLA2G4B
26,PLA2G4B
27,GNA13
28,GNA13
29,GNA13
30,NOS1
35,PLCB1
36,GNA11
37,GRM1
41,PRKACA,PRKCA
43,IGF1R
44,CRHR1
51,CRH
52,IGF1
53,GUCY1A2
54,GNA13
56,PRKG1
57,CACNA1A,HPCA
58,PPP1R17
59,GRIA1
60,MAPK1
61,MAP2K1
62,ARAF
63,HRAS
64,PPP2CA
65,LYN
66,GRM1
67,ITPR1
