56
27,28
38,37
28,29
105,52
37,74
40,39
34,33
33,35
32,84
35,89
84,82
56,82
76,80
203,80
95,80
95,79
101,79
82,79
168,162
162,165
165,164
158,50
79,192
50,140
50,143
147,145
31,53
79,191
79,124
79,123
79,122
79,50
29,30
29,59
83,47
83,105
192,191
48,52
49,48
178,165
63,79
48,80
48,79
62,48
200,31
89,76
79,134
80,79
79,150
150,151
112,80
52,80
89,86
140,141
86,229
88,89
59
27,TNF
28,TNFRSF1A
29,TRADD
30,TRAF2
31,MLKL
32,TLR4
33,AVP,IFNAR1
34,IFNA1,IFNA13
35,JAK1
37,TNFRSF10B
38,TNFSF10
39,FAS
40,FASLG
47,BIRC2
48,CASP8
49,CFLAR
50,MLKL
52,CYLD
53,TRPM7
56,TLR3
59,RIPK1
62,FADD
63,TNFAIP3
74,RIPK1
76,EIF2AK1,EIF2AK2
79,RIPK3
80,RIPK1
82,TICAM1
83,RBCK1
84,TICAM2
86,RIPK1
88,IRF9
89,STAT1
95,HSP90AA1
101,ZBP1
105,SPATA2L
112,USP16,USP21
122,PYGB
123,GLUL
124,GLUD1
134,SMPD1
140,PGAM5
141,DNM1L
143,AVP,NLRP3
145,IL1B
147,CASP1
150,MAPK8
151,FTH1
158,HSP90AA1
162,BID
164,AIFM1
165,BAX
168,CAPN1
178,BCL2
191,CAMK2A
192,CYBB
200,CHMP3,RNF103-CHMP3
203,SQSTM1
229,SLC25A4
