65
10,9
8,7
8,50
7,50
9,50
10,50
34,49
6,49
50,49
6,50
30,31
50,35
50,12
50,11
50,53
50,40
50,39
50,42
50,43
50,41
50,66
65,50
65,64
50,38
50,57
50,56
50,36
50,63
50,30
50,32
50,33
50,27
50,29
50,26
50,23
50,22
50,5
50,58
50,25
50,17
50,4
50,24
50,51
50,21
50,52
50,20
50,3
50,18
50,19
37,47
64,47
63,47
47,48
46,48
48,60
44,60
43,44
50,146
50,154
146,147
146,148
147,41
148,41
50,157
161,50
59
3,SIAH1
4,IGFBP3
5,GADD45G
6,MDM4
7,CHEK1
8,ATR
9,CDS1,CHEK2
10,ATM
11,RPRM
12,SFN
17,TSC2
18,PPM1D
19,TP73
20,CCNG1
21,RFWD2
22,RRM2B
23,DDB2
24,STEAP3
25,PTEN,TEP1
26,SERPINB5
27,CD82
29,THBS1
30,IGFBP3
31,IGF1
32,SERPINE1
33,BAI1
34,CDKN2A
35,CDKN1A
36,ZMAT3
37,BID
38,EI24
39,FAS
40,GTSE1
41,BAX
42,PIDD1
43,TNFRSF10B
44,CASP8
46,APAF1
47,CYCS
48,CASP9
49,MDM2
50,TP53
51,MDM2
52,RCHY1
53,GADD45G
56,PERP
57,SHISA5
58,SESN3
60,CASP3
63,SIAH1
64,TP53AIP1
65,BBC3
66,PMAIP1
146,SIVA1
147,BCL2L1
148,BCL2
154,AIFM2,PRG3
157,ZNF385A
161,PPP1R13L
