41
51,4
35,52
39,40
43,44
5,6
7,9
9,11
10,11
5,14
5,18
18,19
19,20
19,21
23,51
24,51
27,30
8,10
14,16
16,17
16,22
26,28
26,29
12,13
20,34
8,12
8,15
41,42
36,37
33,35
27,31
31,32
28,32
29,32
27,141
141,142
144,150
144,151
144,152
144,153
144,154
144,155
50
4,ERBB2
5,KRAS
6,
7,ARHGEF6
8,AKT3
9,RAC1
10,CHUK
11,NFKB1
12,BAD
13,BCL2L1
14,ARAF
15,CASP9
16,MAP2K1
17,MAPK1
18,RALGDS
19,RALA
20,RALBP1
21,PLD1
22,MAPK8
23,TGFA
24,EGF
26,JAK1
27,AKT3
28,STAT3
29,STAT1
30,BCL2L1
31,NFKB1
32,VEGFA
33,CDKN2A
34,RAC1
35,CDK4
36,RB1
37,E2F1,RBP3
39,TGFBR1
40,TGFBR2
41,SMAD2
42,SMAD4
43,BRCA2
44,RAD51
51,EGFR
52,CCND1
141,MTOR
142,RPS6KB1
144,TP53
150,CDKN1A
151,GADD45G
152,BAX
153,BAK1
154,DDB2
155,POLK,POLQ
