69
119,120
41,10
39,10
40,10
147,10
99,31
37,31
38,31
106,31
107,31
57,31
73,31
183,31
167,108
51,52
52,108
51,53
53,54
17,18
18,54
18,55
55,57
212,55
56,57
71,72
72,73
182,183
19,42
19,20
15,174
174,175
15,27
15,26
27,28
26,28
83,84
84,28
94,28
45,158
158,29
89,159
159,29
209,48
21,48
88,48
47,8
9,8
8,7
22,23
142,143
10,15
10,83
10,45
10,89
10,209
10,21
10,88
10,47
151,47
151,9
151,205
10,22
10,142
10,205
98,99
10,198
10,19
198,199
45,40
64
7,MAPK1
8,MAP2K1
9,RAF1
10,RAP1A
15,APBB1IP
17,
18,CSF1R
19,RALGDS
20,RAC1
21,RASSF3,RASSF5
22,MAP2K3
23,MAPK14
26,EVL
27,PFN3
28,ACTB
29,CDH1
31,RAP1A
37,DOCK4
38,RAPGEF3
39,SIPA1L1
40,SIPA1
41,RAP1GAP
42,RALA
45,MLLT4
47,BRAF
48,ITGAL
51,ADORA2A
52,GNAS
53,CMC1,GNAQ
54,PLCB1
55,CRK
56,CDH1
57,RAPGEF1
71,CTNNB1
72,MAGI3
73,RAPGEF6
83,ARAP3
84,RHOA
88,PRKD3
89,KRIT1
94,CDC42
98,MRAS
99,RAPGEF5
106,RASGRP3
107,RASGRP2
108,ADCY1
119,CNR1
120,GNAI1
142,
143,AKT3
147,SIPA1L2
151,HRAS
158,CTNND1
159,CTNNB1
167,CALML6
174,TLN1
175,ITGA2B
182,PRKACA,PRKCA
183,PRKD3
198,ID1
199,THBS1
205,PLCE1
209,RGS14
212,BCAR1
