57
38,39
39,40
40,41
39,46
39,43
47,48
311,48
48,49
50,51
51,165
16,20
20,19
65,66
66,106
75,136
312,136
136,138
73,74
74,67
67,68
74,71
76,77
77,71
78,82
82,81
46,109
43,44
71,72
109,145
68,69
69,70
145,45
246,145
22,234
19,23
23,22
84,83
51,52
51,126
41,42
41,161
165,246
165,170
42,63
45,61
63,61
61,62
62,63
96,94
94,95
95,96
165,309
106,143
138,139
84,164
81,84
234,240
62
16,WNT16
19,DVL1
20,FZD10
22,CTNNB1
23,GSK3B
38,LIF
39,IL6ST
40,JAK1
41,STAT3
42,KLF4
43,
44,AKT3
45,TBX3
46,GRB2
47,INHBA
48,ACVR1C
49,SMAD2
50,BMP4
51,BMPR1A
52,MAPK1
61,
62,POU5F1
63,SOX2
65,BMP4
66,BMPR1A
67,HRAS
68,RAF1
69,MAP2K1
70,MAPK1
71,
72,AKT3
73,FGF2
74,FGFR1,FLG
75,INHBA
76,IGF1
77,IGF1R
78,WNT16
81,DVL1
82,FZD10
83,CTNNB1
84,GSK3B
94,
95,POU5F1
96,SOX2
106,SMAD1
109,MAP2K1
126,MAPK14
136,ACVR1C
138,SMAD2
139,SMAD4
143,SMAD4
145,MAPK1
161,MYC
164,MYC
165,SMAD1
170,ID1
234,TCF3
240,ESRRB
246,DUSP9
309,SMAD4
311,NODAL
312,NODAL
