43
68,70
70,91
44,72
67,72
57,58
56,57
89,97
89,99
97,99
90,99
63,90
90,98
63,98
92,98
92,100
45,62
45,61
48,62
47,48
48,61
47,61
46,47
47,60
46,60
139,137
46,59
46,131
46,133
131,59
133,59
139,146
137,149
139,149
158,160
160,89
97,170
89,170
90,170
100,195
195,196
196,197
197,62
197,45
37
44,SC5D
45,EBP
46,DHCR7
47,SC5D
48,EBP
56,DHCR24
57,DHCR7
58,SC5D
59,DHCR24
60,DHCR24
61,DHCR24
62,DHCR24
63,DHCR24
67,DHCR24
68,CYP51A1
70,TM7SF2
72,DHCR7
89,LSS
90,LBR
91,EBP
92,NSDHL
97,DHCR24
98,MSMO1
99,CYP51A1
100,HSD17B7
131,CEL,FAP,LIPA
133,ACAT1,SOAT1
137,CYP2R1
139,CYP27B1,VDR
146,CYP24A1
149,CYP24A1
158,FDFT1
160,SQLE
170,CYP51A1
195,MSMO1
196,NSDHL
197,HSD17B7
