56
25,26
26,27
28,33
33,35
35,41
41,63
33,36
36,39
39,61
33,44
50,35
50,51
51,55
39,57
55,57
57,59
28,178
178,154
44,46
46,47
29,43
28,31
31,29
152,35
26,135
74,133
133,141
141,142
143,146
115,116
116,120
120,124
124,126
120,128
128,130
130,170
170,169
120,122
122,176
176,182
182,184
116,174
174,166
166,172
116,206
206,207
223,215
215,217
217,219
217,220
47,226
226,217
225,226
41,225
276,277
277,281
60
25,TNF
26,TNFRSF1A
27,TRADD
28,TRAF2
29,RIPK1
31,BIRC2
33,MAP3K7
35,MAP2K7
36,MAP2K3
39,MAPK14
41,MAPK8
43,IKBKG
44,IKBKB
46,NFKBIA
47,NFKB1
50,MAP3K8
51,MAP2K1
55,MAPK1
57,RPS6KA4
59,CREB3
61,CEBPB
63,FOS
74,RIPK1
115,LTA
116,TNFRSF1B
120,TRAF2
122,BIRC2
124,
126,AKT3
128,MAP3K14
130,CHUK
133,RIPK3
135,BAG4
141,MLKL
142,PGAM5
143,PGAM5
146,DNM1L
152,MAP3K5
154,CHUK
166,MAPK8
169,NFKB1
170,NFKBIA
172,JUN
174,DAB2IP
176,RIPK1
178,MAP3K14
182,MAP2K3
184,MAPK14
206,IRF1
207,IFNB1
215,FADD
217,CASP8
219,CASP7
220,CASP3
223,RIPK1
225,ITCH
226,CFLAR
276,ADAM17,ADAM18
277,RHBDF1
281,FRMD8
