43
35,10
22,23
151,23
152,23
153,23
23,62
23,25
14,81
22,24
151,24
152,24
24,153
24,16
16,15
15,13
89,137
154,137
155,137
137,91
95,124
94,124
95,44
40,12
13,12
94,112
94,115
10,11
112,45
81,82
82,83
83,79
12,11
44,45
95,159
159,115
161,151
166,152
162,153
167,155
168,155
163,90
164,90
165,150
44
10,MYLK4
11,MYL9
12,PPP1R12A
13,ROCK1
14,PRKACA,PRKCA
15,RHOA
16,ARHGEF12
22,ADRA1A,ADRA1D
23,GNA11
24,GNA13
25,PLCB1
35,CALML6
40,PPP1R14A
44,PPP1R12A
45,MYL9
62,PLA2G4B
79,CALD1
81,ARAF
82,MAP2K1
83,MAPK1
89,ADORA2A
90,NPR1
91,ADCY1
94,PRKACA
95,PRKG1
112,MYLK4
115,ITPR1
124,KCNMB2
137,GNAS
150,AMD1,NPR2
151,AGTR1
152,EDNRA
153,AVPR1A
154,PTGIR
155,CALCRL
159,MRVI1
161,AGT
162,AVP
163,NPPA
164,NPPB
165,CNP,NPPC
166,EDN1
167,CALCA
168,ADM
